13273003
13273000
13272999
13272996
13272995
13272994
13272993
13272991
13272989
13272988
13272985
13272982
13272979
13272978
13272975
13272974
13272971
13272970
13272969
13272968
13272967
13272966
13272965
13272964
13272963
13272962
13272960
13272958
13272956
13272955
13272953
13272951
13272950
13272949
13272947
13272946
13272940
13272939
13272938
13272937
13272936
13272934
13272933
13272932
13272931
13272929
13272928
13272927
13272925
13272923
13272911
13272910
13272909
13272908
13272904
13272903
13272901
13272900
13272898
13272897
13272922
13272921
13272920
13272919
13272918
13272917
13272916
13272915
13272914
13272912
13272896
13272894
13272892
13272891
13272889
13272887
13272886
13272885
13272884
13272883
13272882
13272881
13272880
13272878
13272877
13272876
13272875
13272874
13272871
13272870
13272869
13272867
13272862
13272861
13272860
13272859
13272857
13272856
13272851
13272848
13273040
13273039
13273037
13273035
13273033
13273031
13273030
13273028
13273027
13273026
13273024
13273023
13273021
13273020
13273018
13273016
13273013
13273012
13273011
13273010
13273009
13273008
13273007
13273005
13273004
13273003
13273001
13273000
13272999
13272996
13272995
13272994
13272993
13272989
13272988
13272987
13272985
13272984
13272982
13272979
13272978
13272976
13272975
13272974
13272971
13272970
13272969
13272968
13272967
13272966
13272952
13272951
13272950
13272949
13272948
13272947
13272946
13272940
13272939
13272938
13272965
13272964
13272963
13272962
13272960
13272958
13272957
13272956
13272955
13272953
13272925
13272923
13272922
13272921
13272920
13272919
13272918
13272917
13272916
13272915
13272914
13272912
13272910
13272909
13272908
13272904
13272903
13272902
13272900
13272898
13272937
13272936
13272935
13272934
13272933
13272932
13272931
13272929
13272928
13272927
13273130
13273129
13273128
13273127
13273126
13273123
13273122
13273120
13273119
13273116
13273114
13273113
13273112
13273111
13273107
13273106
13273105
13273104
13273103
13273101
13273100
13273099
13273098
13273096
13273095
13273093
13273092
13273091
13273088
13273086
13273085
13273083
13273082
13273080
13273079
13273074
13273073
13273072
13273069
13273068
13273067
13273065
13273064
13273063
13273062
13273061
13273059
13273058
13273057
13273056
13273055
13273054
13273052
13273051
13273050
13273047
13273048
13273046
13273042
13273041
13273040
13273039
13273038
13273037
13273035
13273034
13273031
13273030
13273029
13273028
13273027
13273026
13273025
13273024
13273022
13273021
13273020
13273019
13273018
13273016
13273015
13273013
13273012
13273011
13273010
13273008
13273007
13273004
13273003
13273002
13273001
13273000
13272999
13272997
13272996
13272995
13272994
13272993
13272992
13272990
13273248
13273246
13273244
13273243
13273240
13273238
13273234
13273232
13273231
13273230
13273227
13273226
13273225
13273223
13273220
13273215
13273214
13273213
13273211
13273210
13273209
13273208
13273206
13273204
13273203
13273202
13273201
13273198
13273196
13273194
13273192
13273191
13273190
13273189
13273188
13273187
13273186
13273184
13273183
13273182
13273181
13273178
13273177
13273176
13273175
13273174
13273173
13273172
13273170
13273169
13273168
13273164
13273163
13273162
13273161
13273159
13273158
13273157
13273155
13273154
13273131
13273130
13273129
13273128
13273127
13273126
13273125
13273124
13273123
13273122
13273152
13273148
13273147
13273146
13273145
13273144
13273142
13273140
13273139
13273132
13273121
13273120
13273119
13273118
13273116
13273115
13273114
13273113
13273112
13273111
13273109
13273107
13273106
13273105
13273104
13273102
13273101
13273100
13273099
13273098
13273364
13273363
13273362
13273359
13273358
13273357
13273355
13273354
13273352
13273351
13273381
13273380
13273379
13273376
13273375
13273373
13273372
13273371
13273367
13273365
13273349
13273346
13273345
13273343
13273342
13273341
13273340
13273339
13273338
13273337
13273319
13273317
13273316
13273315
13273311
13273310
13273309
13273307
13273305
13273304
13273302
13273299
13273298
13273297
13273296
13273294
13273292
13273290
13273289
13273288
13273335
13273334
13273332
13273331
13273328
13273327
13273325
13273324
13273322
13273320
13273287
13273286
13273282
13273281
13273280
13273279
13273278
13273277
13273276
13273274
13273257
13273256
13273255
13273253
13273251
13273250
13273246
13273245
13273244
13273243
13273272
13273271
13273270
13273269
13273268
13273266
13273265
13273264
13273262
13273261
13273241
13273240
13273239
13273238
13273236
13273235
13273234
13273232
13273231
13273230
13274517
13274514
13274507
13274506
13274505
13274500
13274499
13274498
13274492
13274484
13274464
13274463
13274461
13274460
13274459
13274458
13274456
13274452
13274451
13274450
13274483
13274481
13274478
13274475
13274474
13274472
13274471
13274470
13274468
13274467
13274448
13274447
13274446
13274445
13274443
13274442
13274441
13274440
13274439
13274438
13274414
13274412
13274411
13274409
13274406
13274405
13274403
13274402
13274401
13274396
13274434
13274433
13274431
13274428
13274426
13274424
13274422
13274421
13274420
13274419
13274395
13274394
13274392
13274391
13274390
13274388
13274386
13274385
13274383
13274381
13274382
13274378
13274377
13274375
13274372
13274371
13274370
13274368
13274366
13274364
13274363
13274362
13274359
13274358
13274357
13274356
13274355
13274354
13274352
13274350
13274348
13274345
13274343
13274342
13274338
13274337
13274336
13274333
13274332
13274331
13274888
13274884
13274883
13274881
13274879
13274876
13274875
13274873
13274872
13274868
13274866
13274865
13274863
13274862
13274861
13274857
13274855
13274853
13274851
13274850
13274849
13274848
13274847
13274846
13274845
13274843
13274841
13274839
13274838
13274836
13274822
13274821
13274819
13274818
13274817
13274816
13274815
13274814
13274813
13274812
13274811
13274810
13274809
13274806
13274805
13274804
13274802
13274801
13274800
13274799
13274798
13274797
13274796
13274795
13274793
13274792
13274791
13274788
13274786
13274784
13274835
13274832
13274831
13274830
13274829
13274828
13274827
13274826
13274825
13274823
13274768
13274766
13274765
13274764
13274763
13274762
13274761
13274758
13274757
13274755
13274754
13274752
13274750
13274749
13274748
13274744
13274743
13274742
13274741
13274740
13274782
13274781
13274778
13274777
13274776
13274775
13274774
13274771
13274770
13274769
13274988
13274986
13274983
13274982
13274981
13274980
13274979
13274977
13274975
13274974
13274972
13274966
13274965
13274964
13274961
13274960
13274959
13274958
13274956
13274954
13274955
13274953
13274951
13274950
13274949
13274948
13274947
13274945
13274944
13274943
13274942
13274940
13274938
13274937
13274936
13274935
13274934
13274933
13274931
13274930
13274928
13274927
13274925
13274924
13274923
13274922
13274920
13274918
13274917
13274916
13274915
13274914
13274912
13274911
13274909
13274907
13274906
13274904
13274901
13274900
13274898
13274896
13274895
13274894
13274893
13274891
13274889
13274887
13274886
13274885
13274880
13274874
13274867
13274859
13274856
13275017
13275016
13275015
13275013
13275012
13275011
13275010
13275009
13275008
13275007
13275038
13275037
13275035
13275034
13275033
13275030
13275028
13275026
13275025
13275021
13275005
13275004
13275003
13275002
13275001
13274999
13274998
13274996
13274997
13274995
13274993
13274991
13274990
13274984
13274978
13274967
13274952
13274932
13274929
13274941
13274939
13274910
13274903
13274902
13275139
13275136
13275133
13275126
13275125
13275122
13275121
13275118
13275117
13275116
13275115
13275114
13275112
13275109
13275107
13275104
13275102
13275097
13275096
13275095
13275094
13275093
13275086
13275081
13275080
13275078
13275076
13275075
13275074
13275073
13275072
13275071
13275070
13275069
13275068
13275067
13275066
13275065
13275064
13275063
13275061
13275059
13275058
13275057
13275055
13275052
13275050
13275048
13275044
13275042
13275040
13275039
13275032
13275031
13275029
13275020
13275019
13275014
13275006
13274987
13274985
13275243
13275238
13275234
13275233
13275232
13275231
13275230
13275229
13275227
13275226
13275224
13275218
13275215
13275214
13275213
13275212
13275211
13275210
13275209
13275206
13275204
13275203
13275201
13275200
13275199
13275198
13275195
13275194
13275193
13275192
13275191
13275190
13275189
13275187
13275186
13275185
13275177
13275176
13275175
13275172
13275149
13275148
13275146
13275144
13275143
13275142
13275141
13275140
13275138
13275137
13275171
13275170
13275169
13275165
13275164
13275163
13275162
13275156
13275155
13275153
13275132
13275131
13275130
13275129
13275127
13275119
13275113
13275108
13275099
13275089
13275088
13275085
13275084
13275082
